        0.0000000000
        0.0000000000
        0.0000000000
        0.8021831931
        0.1011154298
       -0.1438355833
        0.0000000000
        0.0000000000
        0.0000000000
        0.1011154298
        0.5217574455
        0.4453567001
        0.0000000000
        0.0000000000
        0.0000000000
       -0.1438355833
        0.4453567001
        0.2013251627
        0.8021831931
        0.1011154298
       -0.1438355833
        0.0000000000
        0.0000000000
        0.0000000000
        0.1011154298
        0.5217574455
        0.4453567001
        0.0000000000
        0.0000000000
        0.0000000000
       -0.1438355833
        0.4453567001
        0.2013251627
        0.0000000000
        0.0000000000
        0.0000000000
