        0.0000000000
        0.0000000000
        0.0000000000
       -2.8280715138
       -1.0776697655
        1.8437687822
        0.0000000000
        0.0000000000
        0.0000000000
       -1.0776697655
        0.9106677880
       -6.8899495277
        0.0000000000
        0.0000000000
        0.0000000000
        1.8437687822
       -6.8899495277
        8.6714508670
       -2.8280715138
       -1.0776697655
        1.8437687822
        0.0000000000
        0.0000000000
        0.0000000000
       -1.0776697655
        0.9106677880
       -6.8899495277
        0.0000000000
        0.0000000000
        0.0000000000
        1.8437687822
       -6.8899495277
        8.6714508670
        0.0000000000
        0.0000000000
        0.0000000000
