        0.0000000000
        0.0000000000
        0.0000000000
       -0.0000023870
       -0.0000014227
       -0.0000004582
        0.0000000000
        0.0000000000
        0.0000000000
       -0.0000014227
       -0.0000008480
       -0.0000002731
        0.0000000000
        0.0000000000
        0.0000000000
       -0.0000004582
       -0.0000002731
       -0.0000000880
       -0.0000023870
       -0.0000014227
       -0.0000004582
        0.0000000000
        0.0000000000
        0.0000000000
       -0.0000014227
       -0.0000008480
       -0.0000002731
        0.0000000000
        0.0000000000
        0.0000000000
       -0.0000004582
       -0.0000002731
       -0.0000000880
        0.0000000000
        0.0000000000
        0.0000000000
