        0.0000000000
        0.0000000000
        0.0000000000
        2.4477380403
        0.2467745912
       -0.3932790315
        0.0000000000
        0.0000000000
        0.0000000000
        0.2467745912
        1.6255772322
        1.4894930002
        0.0000000000
        0.0000000000
        0.0000000000
       -0.3932790315
        1.4894930002
       -0.0566995961
        2.4477380403
        0.2467745912
       -0.3932790315
        0.0000000000
        0.0000000000
        0.0000000000
        0.2467745912
        1.6255772322
        1.4894930002
        0.0000000000
        0.0000000000
        0.0000000000
       -0.3932790315
        1.4894930002
       -0.0566995961
        0.0000000000
        0.0000000000
        0.0000000000
