        0.0000000000
        0.0000000000
        0.0000000000
        3.1389356631
        0.0000000000
        0.0000000000
        0.0000000000
        0.0000000000
        0.0000000000
        0.0000000000
        3.1389356631
        0.0000000000
        0.0000000000
        0.0000000000
        0.0000000000
        0.0000000000
        0.0000000000
        3.1389356631
        3.1389356631
        0.0000000000
        0.0000000000
        0.0000000000
        0.0000000000
        0.0000000000
        0.0000000000
        3.1389356631
        0.0000000000
        0.0000000000
        0.0000000000
        0.0000000000
        0.0000000000
        0.0000000000
        3.1389356631
        0.0000000000
        0.0000000000
        0.0000000000
