        0.0000000000
        0.0000000000
        0.0000000000
        2.0770339753
        0.0000000000
        0.0000000000
        0.0000000000
        0.0000000000
        0.0000000000
        0.0000000000
        2.0770339753
        0.0000000000
        0.0000000000
        0.0000000000
        0.0000000000
        0.0000000000
        0.0000000000
        2.0770339753
        2.0770339753
        0.0000000000
        0.0000000000
        0.0000000000
        0.0000000000
        0.0000000000
        0.0000000000
        2.0770339753
        0.0000000000
        0.0000000000
        0.0000000000
        0.0000000000
        0.0000000000
        0.0000000000
        2.0770339753
        0.0000000000
        0.0000000000
        0.0000000000
