        0.0000000000
        0.0000000000
        0.0000000000
       -0.0000130617
       -0.0000077854
       -0.0000025075
        0.0000000000
        0.0000000000
        0.0000000000
       -0.0000077854
       -0.0000046405
       -0.0000014946
        0.0000000000
        0.0000000000
        0.0000000000
       -0.0000025075
       -0.0000014946
       -0.0000004814
       -0.0000130617
       -0.0000077854
       -0.0000025075
        0.0000000000
        0.0000000000
        0.0000000000
       -0.0000077854
       -0.0000046405
       -0.0000014946
        0.0000000000
        0.0000000000
        0.0000000000
       -0.0000025075
       -0.0000014946
       -0.0000004814
        0.0000000000
        0.0000000000
        0.0000000000
