        0.0000000000
        0.0000000000
        0.0000000000
        2.4238684206
        0.2325471512
       -0.3978613778
        0.0000000000
        0.0000000000
        0.0000000000
        0.2325471512
        1.6170969944
        1.4867617017
        0.0000000000
        0.0000000000
        0.0000000000
       -0.3978613778
        1.4867617017
       -0.0575792874
        2.4238684206
        0.2325471512
       -0.3978613778
        0.0000000000
        0.0000000000
        0.0000000000
        0.2325471512
        1.6170969944
        1.4867617017
        0.0000000000
        0.0000000000
        0.0000000000
       -0.3978613778
        1.4867617017
       -0.0575792874
        0.0000000000
        0.0000000000
        0.0000000000
