        0.0000000000
        0.0000000000
        0.0000000000
       -1.7720776670
       -1.0262980826
        1.4598976995
        0.0000000000
        0.0000000000
        0.0000000000
       -1.0262980826
        1.0741784153
       -4.5202668709
        0.0000000000
        0.0000000000
        0.0000000000
        1.4598976995
       -4.5202668709
        4.3264915202
       -1.7720776670
       -1.0262980826
        1.4598976995
        0.0000000000
        0.0000000000
        0.0000000000
       -1.0262980826
        1.0741784153
       -4.5202668709
        0.0000000000
        0.0000000000
        0.0000000000
        1.4598976995
       -4.5202668709
        4.3264915202
        0.0000000000
        0.0000000000
        0.0000000000
